# downloaded from http://www.bom.gov.au/web01/ncc/www/cli_chg/timeseries/rain/0112/seaus/latest.txt
190001190012  628.44
190101190112  545.95
190201190212  452.16
190301190312  664.53
190401190412  582.80
190501190512  613.28
190601190612  706.73
190701190712  545.54
190801190812  522.88
190901190912  633.91
191001191012  666.99
191101191112  671.39
191201191212  580.41
191301191312  582.94
191401191412  435.68
191501191512  578.03
191601191612  782.30
191701191712  791.73
191801191812  569.08
191901191912  522.35
192001192012  649.12
192101192112  667.76
192201192212  553.51
192301192312  657.18
192401192412  689.83
192501192512  548.02
192601192612  596.55
192701192712  476.70
192801192812  628.09
192901192912  565.88
193001193012  592.96
193101193112  694.37
193201193212  630.04
193301193312  578.59
193401193412  688.19
193501193512  610.50
193601193612  640.66
193701193712  546.65
193801193812  477.19
193901193912  733.85
194001194012  428.21
194101194112  573.92
194201194212  658.24
194301194312  540.28
194401194412  432.61
194501194512  542.57
194601194612  695.15
194701194712  726.54
194801194812  604.63
194901194912  638.76
195001195012  753.57
195101195112  670.11
195201195212  822.37
195301195312  615.52
195401195412  607.44
195501195512  753.90
195601195612  916.91
195701195712  493.64
195801195812  679.19
195901195912  579.51
196001196012  727.85
196101196112  612.19
196201196212  633.43
196301196312  664.65
196401196412  713.72
196501196512  499.35
196601196612  642.76
196701196712  389.66
196801196812  686.38
196901196912  688.22
197001197012  721.28
197101197112  707.01
197201197212  491.47
197301197312  848.71
197401197412  891.77
197501197512  735.77
197601197612  594.65
197701197712  517.57
197801197812  764.67
197901197912  570.93
198001198012  562.76
198101198112  662.80
198201198212  375.80
198301198312  700.93
198401198412  674.58
198501198512  629.35
198601198612  623.52
198701198712  582.51
198801198812  701.95
198901198912  690.24
199001199012  651.10
199101199112  612.65
199201199212  815.86
199301199312  690.49
199401199412  483.09
199501199512  677.10
199601199612  673.14
199701199712  498.83
199801199812  613.23
199901199912  620.10
200001200012  648.85
200101200112  585.69
200201200212  463.43
200301200312  603.10
200401200412  553.83
200501200512  625.77
200601200612  381.25
200701200712  594.70
200801200812  511.47
200901200912  545.06
201001201012  824.50
201101201112  741.62
201201201212  617.08
201301201312  598.12
201401201412  555.60
201501201512  541.06
201601201612  800.27
201701201712  567.19
201801201812  474.57
201901201912  438.50
202001202012  674.26
202101202112  709.94