# downloaded from http://www.bom.gov.au/web01/ncc/www/cli_chg/timeseries/rain/0112/mdb/latest.txt
190001190012  413.61
190101190112  364.38
190201190212  256.42
190301190312  528.07
190401190412  449.23
190501190512  425.03
190601190612  610.83
190701190712  435.83
190801190812  437.44
190901190912  482.26
191001191012  521.76
191101191112  520.14
191201191212  402.94
191301191312  444.55
191401191412  374.97
191501191512  333.14
191601191612  607.14
191701191712  639.22
191801191812  377.72
191901191912  308.72
192001192012  562.60
192101192112  615.46
192201192212  328.57
192301192312  389.99
192401192412  554.96
192501192512  430.23
192601192612  450.80
192701192712  349.80
192801192812  443.52
192901192912  334.91
193001193012  468.35
193101193112  562.16
193201193212  408.30
193301193312  498.26
193401193412  504.52
193501193512  347.53
193601193612  509.00
193701193712  375.39
193801193812  338.46
193901193912  542.60
194001194012  291.64
194101194112  451.78
194201194212  506.76
194301194312  378.19
194401194412  273.56
194501194512  395.08
194601194612  383.59
194701194712  584.78
194801194812  424.02
194901194912  532.07
195001195012  792.88
195101195112  389.94
195201195212  550.10
195301195312  425.63
195401195412  542.03
195501195512  645.10
195601195612  806.21
195701195712  310.31
195801195812  492.31
195901195912  492.68
196001196012  476.67
196101196112  476.92
196201196212  523.02
196301196312  557.65
196401196412  477.22
196501196512  313.12
196601196612  443.65
196701196712  293.22
196801196812  501.78
196901196912  519.53
197001197012  510.32
197101197112  529.77
197201197212  359.99
197301197312  702.89
197401197412  681.51
197501197512  539.38
197601197612  555.10
197701197712  417.83
197801197812  624.61
197901197912  390.40
198001198012  371.56
198101198112  501.63
198201198212  280.70
198301198312  651.39
198401198412  570.55
198501198512  455.69
198601198612  417.41
198701198712  472.92
198801198812  570.85
198901198912  537.59
199001199012  531.16
199101199112  428.38
199201199212  558.60
199301199312  513.76
199401199412  326.90
199501199512  536.83
199601199612  543.68
199701199712  447.19
199801199812  574.39
199901199912  584.39
200001200012  574.86
200101200112  406.54
200201200212  279.73
200301200312  440.34
200401200412  466.49
200501200512  438.87
200601200612  276.64
200701200712  474.45
200801200812  451.13
200901200912  407.97
201001201012  812.22
201101201112  601.11
201201201212  499.70
201301201312  368.59
201401201412  417.39
201501201512  429.20
201601201612  620.51
201701201712  402.30
201801201812  290.67
201901201912  229.85
202001202012  518.62
202101202112  610.31
